ChiSq = 0.0000E+00

Einf = 3.000000 ± 0.000000

Wo[0] = 120.000000 ± 0.000000
Wp[0] = 100.000000 ± 0.000000
G [0] = 10.000000 ± 0.000000

