ChiSq = 0.0000E+00

Einf = -3.000000 ± 0.000000

Wo[0] = 2.000000 ± 0.000000
Wp[0] = 60.000000 ± 0.000000
G [0] = 45.000000 ± 0.000000

Wo[1] = 2.000000 ± 0.000000
Wp[1] = 0.000000 ± 0.000000
G [1] = 0.000000 ± 0.000000

Wo[2] = 2.000000 ± 0.000000
Wp[2] = 0.000000 ± 0.000000
G [2] = 0.000000 ± 0.000000

